[Info]
CfgName                = 'DrP_probe'  % Should match filename
Name                   = 'Prototype 3 channel'
Manufacturer           = 'Dr. P lab'
LightType              = 'LED'
Wireless               = 0
DefaultSamplingRate    = 2 	% Expected sampling rate in samples per second (hz)
MaxSamplingRate    = 4 	% Expected sampling rate in samples per second (hz)
NumberChannels = 6
NumberProbes = 1
TimeIsSampleCount = 0 	% Time is labeled as sample count or in seconds, 0 is false
RawMax = 4000	% Number which when raw data is exceeded, is considered saturated
RawMin = 0		% Number which when raw data is less than, is considered invalid

[Probe1] 
ChannelNumbers    = [0,1,1,1,2,2,2,3,3,3,4,4,4,5,5,5,6,6,6]	%Must match full format of .raw field, 0 indicates time, NaN indicates unused column
Wavelength    = [NaN,730,850,0,730,850,0,730,850,0,730,850,0,730,850,0,730,850,0]	% wavelength in nm, 0 indicates dark or ambient channel,NaN indicates unused or time channel
SD            = [1,2.5,2.5,2.5,2.5,2.5] ; source detecteor spacing in cm, 1xChannel number array	
DetPosX	=	[0,0,3.53553390593274,3.53553390593274,3.53553390593274,3.53553390593274,7.07106781186548,7.07106781186548,7.07106781186548,7.07106781186548,10.6066017177982,10.6066017177982,10.6066017177982,10.6066017177982,14.1421356237310,14.1421356237310] % Detector positions per channel in cm
DetPosY	=	[0,3.53553390593274,0,3.53553390593274,0,3.53553390593274,0,3.53553390593274,0,3.53553390593274,0,3.53553390593274,0,3.53553390593274,0,3.53553390593274]
DetPosZ =	[0,0,0,0,0,0,0,0,0,0,0,0,0,0,0,0]
SrcPosX =	[1.76776695296637,1.76776695296637,1.76776695296637,1.76776695296637,5.30330085889911,5.30330085889911,5.30330085889911,5.30330085889911,8.83883476483184,8.83883476483184,8.83883476483184,8.83883476483184,12.3743686707646,12.3743686707646,12.3743686707646,12.3743686707646] % Source positions per channel in cm
SrcPosY	=	[1.76776695296637,1.76776695296637,1.76776695296637,1.76776695296637,1.76776695296637,1.76776695296637,1.76776695296637,1.76776695296637,1.76776695296637,1.76776695296637,1.76776695296637,1.76776695296637,1.76776695296637,1.76776695296637,1.76776695296637,1.76776695296637]
SrcPosZ	=	[0,0,0,0,0,0,0,0,0,0,0,0,0,0,0,0]
%Structure = struct('Field1','Data1','Field2',{'Data21','Data22'},'Field3','Data3')

