[Info]
CfgName                = 'fNIR_Devices_fNIR2000' % Should match filename
Name                   = 'Model 2000'
Manufacturer           = 'fNIR Devices'
LightType              = 'LED'
Wireless               = 0
DefaultSamplingRate    = 10 	% Expected sampling rate in samples per second (hz)
MaxSamplingRate    = 10 	% Expected sampling rate in samples per second (hz)
NumberChannels = 18
NumberProbes = 1
TimeIsSampleCount = 0 	% Time is labeled as sample count or in seconds, 0 is false
RawMax = 4000	% Number which when raw data is exceeded, is considered saturated
RawMin = 0		% Number which when raw data is less than, is considered invalid

[Probe1] 
ChannelNumbers    = [0,1,1,1,2,2,2,3,3,3,4,4,4,5,5,5,6,6,6,7,7,7,8,8,8,9,9,9,10,10,10,11,11,11,12,12,12,13,13,13,14,14,14,15,15,15,16,16,16,17,17,17,18,18,18]	%Must match full format of .raw field, 0 indicates time, NaN indicates unused column
Wavelength    = [NaN,730,0,850,730,0,850,730,0,850,730,0,850,730,0,850,730,0,850,730,0,850,730,0,850,730,0,850,730,0,850,730,0,850,730,0,850,730,0,850,730,0,850,730,0,850,730,0,850,730,0,850,730,0,850]	% wavelength in nm, 0 indicates dark or ambient channel,NaN indicates unused or time channel
DetPosX	=	[0,0,3.53553390593274,3.53553390593274,7.07106781186548,7.07106781186548,10.6066017177982,10.6066017177982,14.1421356237310,14.1421356237310,0.76776695296637,13.37437];
DetPosY	=	[3.53553390593274,0,3.53553390593274,0,3.53553390593274,0,3.53553390593274,0,3.53553390593274,0,1.76776695296637,1.76776695296637];
DetPosZ  =   [0,0,0,0,0,0,0,0,0,0,0,0];
dI=[1,2,3,4,3,4,5,6,5,6,7,8,7,8,9,10,11,12];
SrcPosX =	[1.76776695296637,5.30330085889911,8.83883476483184,12.3743686707646]; % Source positions per channel in cm
SrcPosY	=	[1.76776695296637,1.76776695296637,1.76776695296637,1.76776695296637];
SrcPosZ	=	[0,0,0,0];
sI=[1,1,1,1,2,2,2,2,3,3,3,3,4,4,4,4,1,4];

%Structure = struct('Field1','Data1','Field2',{'Data21','Data22'},'Field3','Data3')

