[Info]
CfgName                = 'fNIR_Devices_fNIR1000' % Should match filename
Name                   = 'Model 1200'
Manufacturer           = 'fNIR Devices'
LightType              = 'LED'
Wireless               = 0
DefaultSamplingRate    = 2 	% Expected sampling rate in samples per second (hz)
MaxSamplingRate    = 4 	% Expected sampling rate in samples per second (hz)
NumberChannels = 16
NumberProbes = 1
TimeIsSampleCount = 0 	% Time is labeled as sample count or in seconds, 0 is false
RawMax = 4000	% Number which when raw data is exceeded, is considered saturated
RawMin = 0		% Number which when raw data is less than, is considered invalid

[Probe1] 
ChannelNumbers    = [0,1,1,1,2,2,2,3,3,3,4,4,4,5,5,5,6,6,6,7,7,7,8,8,8,9,9,9,10,10,10,11,11,11,12,12,12,13,13,13,14,14,14,15,15,15,16,16,16]	%Must match full format of .raw field, 0 indicates time, NaN indicates unused column
Wavelength    = [NaN,730,0,850,730,0,850,730,0,850,730,0,850,730,0,850,730,0,850,730,0,850,730,0,850,730,0,850,730,0,850,730,0,850,730,0,850,730,0,850,730,0,850,730,0,850,730,0,850]	% wavelength in nm, 0 indicates dark or ambient channel,NaN indicates unused or time channel

DetPosX	=[14.14,14.14,10.61,10.61,7.07,7.07,3.54,3.54,0,0];
DetPosY	=	[3.54,0,3.54,0,3.54,0,3.54,0,3.54,0];
DetPosZ  =   [0,0,0,0,0,0,0,0,0,0];

SrcPosX =	[12.37,8.84,5.30,1.77]; % Source positions per channel in cm
SrcPosY	=	[1.77,1.77,1.77,1.77];
SrcPosZ	=	[0,0,0,0];

DetPos3DX	=	[-59.9688568,-58.4685182,-34.4720712,-34.3575918,-1.82544960,-1.34908740,30.0038578,29.6911556,57.1160246,55.8503580]
DetPos3DY	=	[43.4397124,48.6367556,66.1612008,71.6386116,73.6522332,81.5910102,64.0627277,70.0381531,44.2198852,50.2765245,63.49360958,	67.5330108649600]
DetPos3DZ	=	[29.8727708,-2.20205060,34.7830096,3.20646620,37.2226700,5.79494680,33.8355343,1.66174070,28.7794650,-3.31892230]

SrcPos3DX	=	[-46.8317784,-18.8813910,14.2243518,44.7077544] 
SrcPos3DY	=	[58.7354559,77.6439369,76.8548442,61.6266225] 
SrcPos3DZ	=	[16.7366759,20.0060931,21.0185880,16.7966073]


sI=[1,1,1,1,2,2,2,2,3,3,3,3,4,4,4,4];
dI=[1,2,3,4,3,4,5,6,5,6,7,8,7,8,9,10];

