[Info]
CfgName                = 'fNIR_Devices_fNIR2000' % Should match filename
Name                   = 'Model 2000'
Manufacturer           = 'fNIR Devices'
LightType              = 'LED'
Wireless               = 0
DefaultSamplingRate    = 10 	% Expected sampling rate in samples per second (hz)
MaxSamplingRate    = 10 	% Expected sampling rate in samples per second (hz)
NumberChannels = 18
NumberProbes = 1
TimeIsSampleCount = 0 	% Time is labeled as sample count or in seconds, 0 is false
RawMax = 4000	% Number which when raw data is exceeded, is considered saturated
RawMin = 0		% Number which when raw data is less than, is considered invalid

[Probe1] 
ChannelNumbers    = [0,1,1,1,2,2,2,3,3,3,4,4,4,5,5,5,6,6,6,7,7,7,8,8,8,9,9,9,10,10,10,11,11,11,12,12,12,13,13,13,14,14,14,15,15,15,16,16,16,17,17,17,18,18,18]	%Must match full format of .raw field, 0 indicates time, NaN indicates unused column
Wavelength    = [NaN,730,0,850,730,0,850,730,0,850,730,0,850,730,0,850,730,0,850,730,0,850,730,0,850,730,0,850,730,0,850,730,0,850,730,0,850,730,0,850,730,0,850,730,0,850,730,0,850,730,0,850,730,0,850]	% wavelength in nm, 0 indicates dark or ambient channel,NaN indicates unused or time channel

DetPosX	=	[14.14214,14.14214,10.60660,10.60660,7.07107,7.07107,3.536,3.536,0,0,13.37437,0.76777];
DetPosY	=	[3.536,0,3.536,0,3.536,0,3.536,0,3.536,0,1.76777,1.76777];
DetPosZ  =   [0,0,0,0,0,0,0,0,0,0,0,0];

SrcPosX =	[12.3744,8.8388,5.3033,1.76777]; % Source positions per channel in cm
SrcPosY	=	[1.76777,1.76777,1.76777,1.76777];
SrcPosZ	=	[0,0,0,0];

DetPos3DX	=	[-53.8116764,-53.42900720,-30.31699080,-30.1784818,-1.06849080,-0.684628,27.994660,29.369668,51.00645560,48.27110620,-35.45569040,36.4531488]
DetPos3DY	=	[35.6574742,40.42135520,54.6634896,60.4781801,62.8348974,65.5997840,58.08748,60.7178460,36.9273312,38.77649070,55.50236400,55.4442636]
DetPos3DZ	=	[17.5535152,-10.81412740,24.2576496,-6.40813240,26.8832769,-2.167396,25.56848,-1.418824,19.9604872,-8.50452280,8.084208700,9.96941660]

SrcPos3DX	=	[-43.45569040,-16.6162998,14.8373320,44.4531488] 
SrcPos3DY	=	[49.50236400,64.4518941,65.3574712,49.4442636] 
SrcPos3DZ	=	[8.084208700,12.7625099,14.3704325,9.96941660]

sI=[1,1,1,1,2,2,2,2,3,3,3,3,4,4,4,4,1,4];
dI=[1,2,3,4,3,4,5,6,5,6,7,8,7,8,9,10,11,12];


