[Info]
CfgName                = 'fNIR_Devices_fNIR2000' % Should match filename
Name                   = 'Model 2000'
Manufacturer           = 'fNIR Devices'
LightType              = 'LED'
Wireless               = 0
DefaultSamplingRate    = 10 	% Expected sampling rate in samples per second (hz)
MaxSamplingRate    = 10 	% Expected sampling rate in samples per second (hz)
NumberChannels = 18
NumberProbes = 1
TimeIsSampleCount = 0 	% Time is labeled as sample count or in seconds, 0 is false
RawMax = 4000	% Number which when raw data is exceeded, is considered saturated
RawMin = 0		% Number which when raw data is less than, is considered invalid

[Probe1] 
ChannelNumbers    = [0,1,1,1,2,2,2,3,3,3,4,4,4,5,5,5,6,6,6,7,7,7,8,8,8,9,9,9,10,10,10,11,11,11,12,12,12,13,13,13,14,14,14,15,15,15,16,16,16,17,17,17,18,18,18]	%Must match full format of .raw field, 0 indicates time, NaN indicates unused column
Wavelength    = [NaN,730,0,850,730,0,850,730,0,850,730,0,850,730,0,850,730,0,850,730,0,850,730,0,850,730,0,850,730,0,850,730,0,850,730,0,850,730,0,850,730,0,850,730,0,850,730,0,850,730,0,850,730,0,850]	% wavelength in nm, 0 indicates dark or ambient channel,NaN indicates unused or time channel

DetPosX	=	[14.14214,14.14214,10.60660,10.60660,7.07107,7.07107,3.536,3.536,0,0,13.37437,0.76777];
DetPosY	=	[3.536,0,3.536,0,3.536,0,3.536,0,3.536,0,1.76777,1.76777];
DetPosZ  =   [0,0,0,0,0,0,0,0,0,0,0,0];

SrcPosX =	[12.3744,8.8388,5.3033,1.76777]; % Source positions per channel in cm
SrcPosY	=	[1.76777,1.76777,1.76777,1.76777];
SrcPosZ	=	[0,0,0,0];



DetPos3DX	=	[-59.9688568,-58.4685182,-34.4720712,-34.3575918,-1.82544960,-1.34908740,30.0038578,29.6911556,57.1160246,55.8503580,-39.17539364,	38.3614446243200]
DetPos3DY	=	[43.4397124,48.6367556,66.1612008,71.6386116,76.6522332,81.5910102,64.0627277,70.0381531,44.2198852,50.2765245,63.49360958,	67.5330108649600]
DetPos3DZ	=	[19.8727708,-12.20205060,24.7830096,-7.20646620,26.2226700,-10.79494680,23.8355343,-9.33,23.7794650,-13.31892230,7.69431162,	7.8791726886400]

SrcPos3DX	=	[-46.8317784,-18.8813910,14.2243518,44.7077544] 
SrcPos3DY	=	[58.7354559,77.6439369,76.8548442,61.6266225] 
SrcPos3DZ	=	[6.7366759,9.0060931,11.0185880,6.7966073]


sI=[1,1,1,1,2,2,2,2,3,3,3,3,4,4,4,4,1,4];
dI=[1,2,3,4,3,4,5,6,5,6,7,8,7,8,9,10,11,12];


% Tal Coordinates are not used
DetPos3DX_tal	=	[-62.312,-60.837,-35.449,-35.438,-0.978,-0.594,32.681,32.237,61.392,59.941,-40.4556,41.4531488]
DetPos3DY_tal	=	[41.692,44.995,66.119,69.738,74.442,80.660,64.420,68.518,43.472,47.652,62.119,67.06]
DetPos3DZ_tal	=	[27.128,-8.706,30.747,-4.547,32.682,-2.627,29.411,-6.576,25.065,-10.838,12.084,11.469]

SrcPos3DX_tal	=	[-48.529,-19.063,15.922,48.179] 
SrcPos3DY_tal	=	[56.988,77.320,76.852,60.838] 
SrcPos3DZ_tal	=	[11.42,13.483,14.433,10.654]


