[Info]
CfgName                = 'NIRX_Sport_16x16_parietal'  % Should match filename
Name                   = 'Sport'
Manufacturer           = 'NIRX'
LightType              = 'LED'
Wireless               = 0
DefaultSamplingRate    = 7.8125 	% Expected sampling rate in samples per second (hz)
MaxSamplingRate    = 7.8125 	% Expected sampling rate in samples per second (hz)
NumberChannels = 64
NumberProbes = 1
TimeIsSampleCount = 0 	% Time is labeled as sample count or in seconds, 0 is false
RawMax = 100000	% Number which when raw data is met or exceeded, is considered saturated
RawMin = 0		% Number which when raw data is less than, is considered invalid

[Probe1] 
ChannelNumbers    = [0,1,1,2,2,3,3,4,4,5,5,6,6,7,7,8,8,9,9,10,10,11,11,12,12,13,13,14,14,15,15,16,16,17,17,18,18,19,19,20,20,21,21,22,22,23,23,24,24,25,25,26,26,27,27,28,28,29,29,30,30,31,31,32,32,33,33,34,34,35,35,36,36,37,37,38,38,39,39,40,40,41,41,42,42,43,43,44,44,45,45,46,46,47,47,48,48]	%Must match full format of .raw field, 0 indicates time, NaN indicates unused column
Wavelength    = [NaN,760,850,760,850,760,850,760,850,760,850,760,850,760,850,760,850,760,850,760,850,760,850,760,850,760,850,760,850,760,850,760,850,760,850,760,850,760,850,760,850,760,850,760,850,760,850,760,850,760,850,760,850,760,850,760,850,760,850,760,850,760,850,760,850,760,850,760,850,760,850,760,850,760,850,760,850,760,850,760,850,760,850,760,850,760,850,760,850,760,850,760,850,760,850,760,850]	% wavelength in nm, 0 indicates dark or ambient channel,NaN indicates unused or time channel
SD            = [3,3,3,3,3,3,3,3,3,3,3,3,3,3,3,3,3,3,3,3,3,3,3,3,3,3,3,3,3,3,3,3,3,3,3,3,3,3,3,3,3,3,3,3,3,3,3,3] ; %source detector spacing in cm, 1xChannel number array	

DetPos3DX	=	[-84.1611000	-72.4343000	-77.2149000	-79.5922000	-65.3581000	-53.0073000	-34.0619000	-35.5131000	34.7841000	38.3838000	67.1179000	55.6667000	79.53	83.3218000	85.0799000	73.0557000]
DetPos3DY	=	[-16.0187000	-73.4527000	18.6433000	-46.5507000	-11.6317000	-78.7878000	26.0111000	-47.2919000	26.4379000	-47.0731000	-10.9003000	-78.5602000	19.9357	-46.1013000	-15.0203000	-73.0683000]
DetPos3DZ =	[-9.34600000	-2.48700000	24.4600000	30.9490000	64.3580000	55.9400000	79.9870000	91.3150000	78.8080000	90.6950000	63.5800000	56.5610000	24.438	31.2060000	-9.49000000	-2.54000000]

SrcPos3DX =	[-80.7750000	-84.8302000	-80.28	-67.2723	-60.1819000	-63.5562000	-36.1580000	-28.6203000	37.6720000	31.9197000	62.2931000	66.6118000	83.4559000	67.8877000	81.8151000	85.5488000] % Source positions per channel in cm
SrcPos3DY	=	[14.1203000	-46.0217000	-13.7597	-76.2907	22.7162000	-47.0088000	-9.98390000	-80.5249000	-9.62410000	-80.4871000	23.7228000	-46.6372000	-12.7763000	-75.9043000	15.4167000	-45.5453000]
SrcPos3DZ	=	[-11.1350000	-7.05600000	29.16	28.382	55.5440000	65.6240000	89.7520000	75.4360000	88.4120000	76.7160000	55.6300000	65.5800000	29.2080000	28.0910000	-11.3300000	-7.13000000]
%Structure = struct('Field1','Data1','Field2',{'Data21','Data22'},'Field3','Data3')

sI=[1,1,2,2,2,3,3,3,3,4,4,4,5,5,5,6,6,6,6,7,7,7,8,8,9,9,9,10,10,11,11,11,12,12,12,12,13, 13 ,13,13,14,14,14,15,15,16,16,16];
dI=[1,3,1,2,4,1,3,4,5,2,4,6,3,5,7,4,5,6,8,5,7,8,6,8,9,10,11,10,12,9,11,13,10,11,12,14,11, 13 ,14,15,12,14,16,13,15,14,15,16];
