[Info]
CfgName                = 'NIRX_Sport_16x16_lw'  % Should match filename
Name                   = 'Sport'
Manufacturer           = 'NIRX'
LightType              = 'LED'
Wireless               = 1
DefaultSamplingRate    = 7.8125 	% Expected sampling rate in samples per second (hz)
MaxSamplingRate    = 7.8125 	% Expected sampling rate in samples per second (hz)
NumberChannels = 55
NumberProbes = 1
TimeIsSampleCount = 0 	% Time is labeled as sample count or in seconds, 0 is false
RawMax = 100000	% Number which when raw data is met or exceeded, is considered saturated
RawMin = 0		% Number which when raw data is less than, is considered invalid

[Probe1] 
ChannelNumbers    = [0,1,1,2,2,3,3,4,4,5,5,6,6,7,7,8,8,9,9,10,10,11,11,12,12,13,13,14,14,15,15,16,16,17,17,18,18,19,19,20,20,21,21,22,22,23,23,24,24,25,25,26,26,27,27,28,28,29,29,30,30,31,31,32,32,33,33,34,34,35,35,36,36,37,37,38,38,39,39,40,40,41,41,42,42,43,43,44,44,45,45,46,46,47,47,48,48,49,49,50,50,51,51,52,52,53,53,54,54,55,55]	%Must match full format of .raw field, 0 indicates time, NaN indicates unused column
Wavelength    = [NaN,760,850,760,850,760,850,760,850,760,850,760,850,760,850,760,850,760,850,760,850,760,850,760,850,760,850,760,850,760,850,760,850,760,850,760,850,760,850,760,850,760,850,760,850,760,850,760,850,760,850,760,850,760,850,760,850,760,850,760,850,760,850,760,850,760,850,760,850,760,850,760,850,760,850,760,850,760,850,760,850,760,850,760,850,760,850,760,850,760,850,760,850,760,850,760,850,760,850,760,850,760,850,760,850,760,850,760,850,760,850]	% wavelength in nm, 0 indicates dark or ambient channel,NaN indicates unused or time channel
SD            = [3,3,3,3,3,3,3,3,3,3,3,3,3,3,3,3,3,3,3,3,3,3,3,3,3,3,3,3,3,3,3,3,3,3,3,3,3,3,3,3,3,3,3,3,3,3,3,3,3,3,3,3,3,3,3] ; %source detector spacing in cm, 1xChannel number array	

DetPos3DX	=	[30.3530,32.4170,71.0640,69.0440,38.7170,83.6870,62.3150,-30.3580,-70.5860,-32.6870,-69.2860,-39.8350,-84.0980,-63.1000,-00.371000,38.6228330,-08.02700600,52.8564950,80.9202580,36.1488420,72.3097990,79.0485920,39.6772730]
DetPos3DY	=	[-105.530,-82.5930,-77.6540,-46.8850,-08.59900,-11.8310,24.9860,-105.747000,-78.6170,-83.0150,-48.0110,-09.54300,-13.8460,23.8790,29.3350,-107.467140,-82.8829500,-86.3153080,-53.5294990,-55.5416600,-17.8560490,13.0443320,22.30436300]
DetPos3DZ =	[43.8080,77.9400,26.3720,66.4270,90.2820,25.4870,53.0800,43.2750,25.6630,77.3850,65.6680,89.9110,24.7560,52.6820,87.7120,19.8000560,84.6188810,56.5766450,27.9898610,92.6318050,63.2850950,19.8342610,78.0888900]

SrcPos3DX =	[45.85200,-00.3960000,58.14300,82.81800,38.78000,69.70100,76.99700,35.17400,-50.47300,-57.97600,-82.54200,-39.42900,-70.63400,-77.43500,-35.97100,-00.461000000000000] % Source positions per channel in cm
SrcPos3DY	=	[-103.6480,-83.41900,-80.51400,-45.95900,-47.70900,-09.782000,20.37900,28.26100,-102.8520,-81.28600,-47.30900,-48.34500,-11.46300,19.00100,27.64400,-08.41600000000000]
SrcPos3DZ	=	[19.44500,84.44100,56.99200,28.54600,93.21800,63.61700,19.46500,77.96700,19.54800,56.21400,27.80000,92.76400,63.07700,18.87900,77.82100,101.365000000000]
%Structure = struct('Field1','Data1','Field2',{'Data21','Data22'},'Field3','Data3')

sI=[1,1,1,2,2,2,3,3,3,3,3,4,4,4,4,5,5,5,5,6,6,6,6,6,7,7,7,8,8,8,8,9,9,10,10,10,10,11,11,11,12,12,12,13,13,13,13,14,14,15,15,15,16,16,16];
dI=[1,3,16,2,10,17,1,2,3,4,18,3,4,6,19,2,4,5,20,4,5,6,7,21,6,7,22,5,7,15,23,8,9,8,9,10,11,9,11,13,10,11,12,11,12,13,14,13,14,12,14,15,5,12,15];
